3  1001  AA  20250101 20250131 1234567  JFK  LAX  0700  1000   787   0
3  1002  AA  20250101 20250131 1234567  LAX  JFK  1300  2000   787   0
3  1003  AA  20250101 20250131 1234567  ORD  DFW  0800  1030   737   0
3  1004  AA  20250101 20250131 1234567  DFW  ORD  1300  1530   737   0
3  1005  AA  20250101 20250131 1234567  SFO  SEA  1000  1145   737   0
3  1006  AA  20250101 20250131 1234567  SEA  SFO  1400  1545   737   0
3  1007  AA  20250101 20250131 1234567  MIA  ATL  0900  1100   737   0
3  1008  AA  20250101 20250131 1234567  ATL  MIA  1400  1600   737   0
3  1009  AA  20250101 20250131 1234567  BOS  DCA  0700  0830   737   0
3  1010  AA  20250101 20250131 1234567  DCA  BOS  1200  1330   737   0
3  1011  AA  20250101 20250131 1234567  DEN  PHX  0800  0930   738   0
3  1012  AA  20250101 20250131 1234567  PHX  DEN  1400  1530   738   0
3  1013  AA  20250101 20250131 1234567  IAH  MSP  0730  1000   737   0
3  1014  AA  20250101 20250131 1234567  MSP  IAH  1330  1600   737   0
3  1015  AA  20250101 20250131 1234567  CLT  DTW  0800  0930   738   0
3  1016  AA  20250101 20250131 1234567  DTW  CLT  1400  1530   738   0
3  1017  AA  20250101 20250131 1234567  LAS  SLC  0900  1015   787   0
3  1018  AA  20250101 20250131 1234567  SLC  LAS  1300  1415   787   0
3  1019  AA  20250101 20250131 1234567  PHL  BNA  0730  0930   737   0
3  1020  AA  20250101 20250131 1234567  BNA  PHL  1400  1600   737   0
3  1021  AA  20250101 20250131 1234567  SAN  PDX  1000  1200   737   0
3  1022  AA  20250101 20250131 1234567  PDX  SAN  1600  1800   737   0
3  1023  AA  20250101 20250131 1234567  AUS  DAL  0800  0900   737   0
3  1024  AA  20250101 20250131 1234567  DAL  AUS  1700  1800   737   0
