3  1001  AA  20250101 20250131 1234567  JFK  LAX  0545  0700   738   0
3  1002  AA  20250101 20250131 1234567  LAX  JFK  0800  1300   738   0
3  1003  AA  20250101 20250131 1234567  ORD  DFW  0600  0800   320   0
3  1004  AA  20250101 20250131 1234567  DFW  ORD  0900  1100   320   0
3  1005  AA  20250101 20250131 1234567  SFO  SEA  0700  0830   739   0
3  1006  AA  20250101 20250131 1234567  SEA  SFO  0900  1030   739   0
3  1007  AA  20250101 20250131 1234567  MIA  ATL  0630  0800   321   0
3  1008  AA  20250101 20250131 1234567  ATL  MIA  0830  1000   321   0
3  1009  AA  20250101 20250131 1234567  BOS  DCA  0700  0830   319   0
3  1010  AA  20250101 20250131 1234567  DCA  BOS  0900  1030   319   0
3  1011  AA  20250101 20250131 1234567  DEN  PHX  0600  0730   738   0
3  1012  AA  20250101 20250131 1234567  PHX  DEN  0800  0930   738   0
3  1013  AA  20250101 20250131 1234567  IAH  MSP  0630  0800   320   0
3  1014  AA  20250101 20250131 1234567  MSP  IAH  0830  1000   320   0
3  1015  AA  20250101 20250131 1234567  CLT  DTW  0700  0830   321   0
3  1016  AA  20250101 20250131 1234567  DTW  CLT  0900  1030   321   0
3  1017  AA  20250101 20250131 1234567  LAS  SLC  0600  0730   738   0
3  1018  AA  20250101 20250131 1234567  SLC  LAS  0800  0930   738   0
3  1019  AA  20250101 20250131 1234567  PHL  BNA  0630  0800   319   0
3  1020  AA  20250101 20250131 1234567  BNA  PHL  0830  1000   319   0
3  1021  AA  20250101 20250131 1234567  SAN  PDX  0700  0830   739   0
3  1022  AA  20250101 20250131 1234567  PDX  SAN  0900  1030   739   0
3  1023  AA  20250101 20250131 1234567  AUS  DAL  0600  0700   320   0
3  1024  AA  20250101 20250131 1234567  DAL  AUS  0730  0830   320   0
3  1025  AA  20250101 20250131 1234567  HNL  OGG  0800  0830   738   0
3  1026  AA  20250101 20250131 1234567  OGG  HNL  0900  0930   738   0
3  1027  AA  20250101 20250131 1234567  FLL  RSW  0630  0700   319   0
3  1028  AA  20250101 20250131 1234567  RSW  FLL  0730  0800   319   0
3  1029  AA  20250101 20250131 1234567  TPA  MCO  0600  0630   320   0
3  1030  AA  20250101 20250131 1234567  MCO  TPA  0700  0730   320   0
3  1031  AA  20250101 20250131 1234567  BWI  CLE  0630  0730   321   0
3  1032  AA  20250101 20250131 1234567  CLE  BWI  0800  0900   321   0
3  1033  AA  20250101 20250131 1234567  IND  CVG  0700  0800   319   0
3  1034  AA  20250101 20250131 1234567  CVG  IND  0830  0930   319   0
3  1035  AA  20250101 20250131 1234567  STL  MEM  0600  0700   738   0
3  1036  AA  20250101 20250131 1234567  MEM  STL  0730  0830   738   0
3  1037  AA  20250101 20250131 1234567  MSY  BNA  0630  0730   320   0
3  1038  AA  20250101 20250131 1234567  BNA  MSY  0800  0900   320   0
3  1039  AA  20250101 20250131 1234567  RDU  ORF  0700  0730   319   0
3  1040  AA  20250101 20250131 1234567  ORF  RDU  0800  0830   319   0
3  1041  AA  20250101 20250131 1234567  SJC  SMF  0600  0630   738   0
3  1042  AA  20250101 20250131 1234567  SMF  SJC  0700  0730   738   0
3  1043  AA  20250101 20250131 1234567  ABQ  ELP  0630  0700   320   0
3  1044  AA  20250101 20250131 1234567  ELP  ABQ  0730  0800   320   0
3  1045  AA  20250101 20250131 1234567  TUL  OKC  0600  0630   319   0
3  1046  AA  20250101 20250131 1234567  OKC  TUL  0700  0730   319   0
3  1047  AA  20250101 20250131 1234567  BUF  ROC  0630  0700   738   0
3  1048  AA  20250101 20250131 1234567  ROC  BUF  0730  0800   738   0
3  1049  AA  20250101 20250131 1234567  PIT  CAK  0700  0730   320   0
3  1050  AA  20250101 20250131 1234567  CAK  PIT  0800  0830   320   0